round,bot1,bot2,score1,score2,apple1,apple2,time
0,1,2,0,1,12,14,60.406
1,1,2,0,1,4,3,18.421
2,1,2,1,0,9,15,40.011
3,1,2,0,1,5,6,29.249
4,1,2,0,0,1,1,4.257
5,1,2,0,1,5,14,31.304
6,1,2,0,1,5,4,16.181
7,1,2,0,1,7,13,37.751
8,1,2,0,1,6,17,45.87
9,1,2,0,1,4,13,38.956
10,1,2,0,1,3,8,22.387
11,1,2,0,1,2,2,7.883
12,1,2,0,1,7,5,23.217
13,1,2,1,0,2,4,11.52
14,1,2,1,0,7,9,21.617
15,1,2,0,1,6,12,42.619
16,1,2,1,0,3,1,6.49
17,1,2,0,1,6,8,31.437
18,1,2,0,1,17,14,64.155
19,1,2,0,1,6,11,38.775
20,1,2,0,1,4,6,29.701
21,1,2,0,1,4,4,21.923
22,1,2,0,1,1,6,20.692
23,1,2,0,1,10,10,32.828
24,1,2,0,1,3,7,17.293
25,1,2,0,1,8,17,43.702
26,1,2,0,1,8,9,35.187
27,1,2,0,1,9,13,46.632
28,1,2,0,1,2,5,13.807
29,1,2,0,1,10,17,53.591
30,1,2,0,1,6,5,25.434
31,1,2,1,0,5,9,20.533
32,1,2,0,1,12,16,52.61
33,1,2,0,1,6,12,31.402
34,1,2,1,0,7,7,29.681
35,1,2,0,1,4,5,16.444
36,1,2,0,1,6,13,39.275
37,1,2,0,1,5,6,28.496
38,1,2,0,1,11,10,38.911
39,1,2,0,1,5,9,25.476
40,1,2,0,1,4,5,17.619
41,1,2,0,1,11,9,33.009
42,1,2,0,1,4,9,24.745
43,1,2,0,1,8,7,26.486
44,1,2,0,1,10,15,61.041
45,1,2,0,1,7,10,33.776
46,1,2,0,1,3,8,24.472
47,1,2,0,1,10,10,42.965
48,1,2,0,1,3,10,24.138
49,1,2,0,1,7,13,35.789
50,1,2,0,1,9,5,32.71
51,1,2,0,1,14,22,69.775
52,1,2,0,1,0,2,6.395
53,1,2,1,0,9,7,40.989
54,1,2,0,1,12,8,50.751
55,1,2,0,1,6,11,42.046
56,1,2,0,1,4,7,31.755
57,1,2,0,1,14,22,106.604
58,1,2,0,1,5,14,43.776
59,1,2,0,1,6,12,48.859
60,1,2,0,1,8,10,34.679
61,1,2,1,0,3,5,13.278
62,1,2,0,1,14,9,37.386
63,1,2,1,0,10,8,36.764
64,1,2,0,1,2,4,19.819
65,1,2,0,1,3,4,13.887
66,1,2,0,1,3,9,26.683
67,1,2,0,1,9,14,51.649
68,1,2,1,0,7,21,54.171
69,1,2,0,1,5,6,20.213
70,1,2,0,1,7,7,22.392
71,1,2,0,1,2,10,24.102
72,1,2,0,1,9,17,53.032
73,1,2,0,1,0,4,9.06
74,1,2,1,0,5,10,31.743
75,1,2,0,1,4,10,25.167
76,1,2,1,0,3,6,13.896
77,1,2,0,1,7,13,39.724
78,1,2,0,1,9,9,30.441
79,1,2,0,1,7,9,24.649
80,1,2,1,0,2,4,10.894
81,1,2,0,1,5,2,19.812
82,1,2,0,1,3,2,7.556
83,1,2,0,1,14,12,52.79
84,1,2,0,1,5,9,30.416
85,1,2,0,1,3,6,18.372
86,1,2,0,1,3,5,25.538
87,1,2,0,1,1,5,10.312
88,1,2,1,0,11,14,41.528
89,1,2,0,1,10,9,29.908
90,1,2,0,1,1,4,16.724
91,1,2,0,1,8,19,61.534
92,1,2,0,1,10,20,62.105
93,1,2,0,1,10,12,64.707
94,1,2,0,1,7,8,46.471
95,1,2,0,1,13,22,84.589
96,1,2,0,1,9,8,41.673
97,1,2,1,0,7,7,20.77
98,1,2,1,0,8,11,26.544
99,1,2,1,0,18,17,64.449
100,1,2,0,1,8,23,63.082
101,1,2,0,1,4,3,12.572
102,1,2,0,1,2,1,5.861
103,1,2,0,1,4,8,25.037
104,1,2,0,1,2,4,14.657
105,1,2,0,1,11,13,61.573
106,1,2,1,0,14,10,40.726
107,1,2,0,1,8,8,38.352
108,1,2,0,1,7,12,45.802
109,1,2,1,0,14,11,43.411
110,1,2,0,1,4,15,41.804
111,1,2,0,1,9,16,59.952
112,1,2,0,1,13,14,38.504
113,1,2,0,1,1,9,23.223
114,1,2,0,1,1,5,12.024
115,1,2,0,1,5,9,29.41
116,1,2,0,1,9,12,47.047
117,1,2,0,1,3,5,19.404
118,1,2,0,1,3,5,22.633
119,1,2,0,1,11,12,48.316
120,1,2,0,1,6,11,31.489
121,1,2,0,1,16,13,51.45
122,1,2,1,0,2,8,16.016
123,1,2,0,1,12,18,69.562
124,1,2,0,1,12,18,53.603
125,1,2,0,1,3,2,14.58
126,1,2,0,1,5,7,24.946
127,1,2,0,1,11,9,39.925
128,1,2,0,1,2,1,5.517
129,1,2,0,1,8,11,34.728
130,1,2,1,0,8,8,37.963
131,1,2,0,1,8,10,29.711
132,1,2,0,1,5,3,14.202
133,1,2,0,1,7,18,59.263
134,1,2,0,1,15,15,77.11
135,1,2,0,1,3,7,16.233
136,1,2,0,1,4,7,29.137
137,1,2,0,1,4,2,15.467
138,1,2,0,1,9,8,42.875
139,1,2,0,1,1,4,12.654
140,1,2,0,1,3,8,22.775
141,1,2,1,0,1,3,10.673
142,1,2,0,1,4,5,26.609
143,1,2,0,1,6,10,35.259
144,1,2,0,1,2,5,20.194
145,1,2,0,1,0,7,9.971
146,1,2,0,1,2,5,10.938
147,1,2,1,0,8,12,38.582
148,1,2,1,0,11,15,48.31
149,1,2,1,0,10,9,35.454
150,1,2,0,1,6,6,22.559
151,1,2,0,1,3,3,10.156
152,1,2,0,1,11,13,40.982
153,1,2,0,1,5,11,30.991
154,1,2,0,1,8,19,58.615
155,1,2,1,0,7,27,71.212
156,1,2,0,1,7,7,34.193
157,1,2,0,1,5,9,26.859
158,1,2,0,1,0,5,11.782
159,1,2,0,1,15,22,80.281
160,1,2,0,1,16,14,54.082
161,1,2,0,1,14,19,67.575
162,1,2,1,0,6,7,28.165
163,1,2,1,0,0,2,4.066
164,1,2,1,0,6,7,22.254
165,1,2,0,1,3,4,14.756
166,1,2,1,0,17,15,53.51
167,1,2,1,0,14,3,39.459
168,1,2,0,1,2,4,18.521
169,1,2,1,0,5,5,27.498
170,1,2,1,0,1,0,3.172
171,1,2,0,1,5,4,27.975
172,1,2,0,1,4,10,19.82
173,1,2,0,1,3,5,16.691
174,1,2,0,1,8,22,68.845
175,1,2,1,0,7,16,47.962
176,1,2,0,1,3,6,17.09
177,1,2,0,1,11,15,41.536
178,1,2,0,1,2,4,20.472
179,1,2,0,1,9,16,59.818
180,1,2,0,1,10,5,27.42
181,1,2,0,1,4,8,19.611
182,1,2,0,1,8,6,27.637
183,1,2,1,0,7,6,25.097
184,1,2,0,1,18,18,75.949
185,1,2,0,1,10,11,51.608
186,1,2,0,1,9,10,37.297
187,1,2,0,1,5,13,31.609
188,1,2,0,1,3,15,33.719
189,1,2,0,1,11,14,50.318
190,1,2,0,1,7,20,45.747
191,1,2,0,1,8,11,35.503
192,1,2,0,1,5,9,24.644
193,1,2,0,1,14,21,67.998
194,1,2,1,0,1,5,11.276
195,1,2,1,0,9,8,37.517
196,1,2,0,1,7,16,39.933
197,1,2,0,1,5,6,20.077
198,1,2,0,1,12,12,35.88
199,1,2,0,1,2,2,10.599
200,1,2,0,1,9,10,39.402
201,1,2,0,1,1,2,7.213
202,1,2,0,1,5,10,24.24
203,1,2,0,1,3,14,40.79
204,1,2,1,0,10,17,58.877
205,1,2,1,0,10,5,18.563
206,1,2,0,1,9,11,44.694
207,1,2,0,1,3,6,19.5
208,1,2,1,0,9,7,26.864
209,1,2,0,1,11,4,31.381
210,1,2,0,1,3,4,10.699
211,1,2,0,1,14,8,35.731
212,1,2,1,0,13,17,62.882
213,1,2,0,1,2,4,11.768
214,1,2,0,1,6,3,14.076
215,1,2,0,1,5,10,33.861
216,1,2,0,1,10,14,45.105
217,1,2,1,0,16,11,58.601
218,1,2,1,0,8,5,23.704
219,1,2,1,0,4,0,7.574
220,1,2,1,0,1,0,3.376
221,1,2,0,1,7,17,54.778
222,1,2,0,1,16,13,61.031
223,1,2,0,1,11,7,39.821
224,1,2,0,1,3,5,15.386
225,1,2,0,1,6,8,31.944
226,1,2,0,1,11,11,42.187
227,1,2,1,0,13,6,52.116
228,1,2,0,1,18,16,71.669
229,1,2,0,1,20,23,85.915
230,1,2,0,1,2,7,21.239
231,1,2,0,1,10,13,43.535
232,1,2,0,1,18,12,54.168
233,1,2,0,1,14,15,58.444
234,1,2,0,1,18,27,102.467
235,1,2,0,1,7,10,45.693
236,1,2,1,0,14,16,59.838
237,1,2,0,1,7,8,28.022
238,1,2,0,1,0,5,20.415
239,1,2,0,1,8,12,39.787
240,1,2,0,1,4,6,21.156
241,1,2,0,1,17,22,81.084
242,1,2,0,1,12,12,41.858
243,1,2,0,1,1,7,16.418
244,1,2,0,1,15,19,68.428
245,1,2,1,0,12,20,56.215
246,1,2,0,1,5,15,51.489
247,1,2,1,0,5,11,38.902
248,1,2,1,0,4,4,17.138
249,1,2,0,1,11,11,54.988
250,1,2,1,0,9,13,50.43
251,1,2,0,1,6,9,36.816
252,1,2,0,1,8,9,32.107
253,1,2,1,0,7,12,33.225
254,1,2,0,1,17,17,66.067
255,1,2,0,1,6,12,42.686
256,1,2,0,1,6,15,46.011
257,1,2,0,1,6,9,22.66
258,1,2,0,1,8,12,46.377
259,1,2,0,1,12,19,59.273
260,1,2,0,1,10,6,33.579
261,1,2,0,1,14,11,45.831
262,1,2,0,1,8,9,37.432
263,1,2,0,1,3,7,16.609
264,1,2,1,0,3,5,19.83
265,1,2,0,1,7,13,48.027
266,1,2,1,0,4,5,18.069
267,1,2,0,1,5,8,37.119
268,1,2,0,1,3,4,13.482
269,1,2,0,1,7,12,45.585
270,1,2,1,0,9,7,31.563
271,1,2,0,1,18,18,77.377
272,1,2,0,1,5,1,11.906
273,1,2,0,1,2,7,29.805
274,1,2,0,1,7,7,26.774
275,1,2,0,1,7,10,31.506
276,1,2,0,1,14,10,40.106
277,1,2,0,1,3,8,31.047
278,1,2,1,0,13,21,69.18
279,1,2,0,1,15,20,71.094
280,1,2,0,1,5,13,39.724
281,1,2,0,1,8,8,41.594
282,1,2,0,1,19,17,77.109
283,1,2,0,1,14,17,64.026
284,1,2,0,1,10,15,49.729
285,1,2,0,1,13,16,55.526
286,1,2,0,1,2,2,6.384
287,1,2,0,1,0,9,23.024
288,1,2,1,0,5,10,25.921
289,1,2,0,1,6,9,35.791
290,1,2,0,1,9,11,34.886
291,1,2,0,1,6,8,29.994
292,1,2,0,1,16,17,68.977
293,1,2,0,1,6,5,19.999
294,1,2,0,1,1,6,10.716
295,1,2,0,1,4,13,32.857
296,1,2,0,1,8,11,55.687
297,1,2,0,0,1,1,3.298
298,1,2,0,1,5,12,41.714
299,1,2,0,1,7,16,38.649
300,1,2,0,1,1,6,12.87
301,1,2,0,1,3,5,17.138
302,1,2,1,0,5,3,10.253
303,1,2,1,0,6,6,21.063
304,1,2,0,1,10,14,45.884
305,1,2,0,1,4,13,25.41
306,1,2,0,1,6,9,41.142
307,1,2,0,1,8,13,44.058
308,1,2,0,1,4,6,32.755
309,1,2,1,0,8,5,23.238
310,1,2,0,1,5,7,28.529
311,1,2,0,1,12,13,43.739
312,1,2,0,1,6,8,39.294
313,1,2,0,1,6,8,27.503
314,1,2,0,1,12,17,59.349
315,1,2,0,1,3,9,18.399
316,1,2,1,0,14,11,44.597
317,1,2,0,1,8,5,24.987
318,1,2,0,1,3,8,22.46
319,1,2,0,1,18,26,74.857
320,1,2,0,1,13,11,46.434
321,1,2,0,1,3,6,16.107
322,1,2,0,1,8,8,31.396
323,1,2,0,1,13,11,49.67
324,1,2,0,1,11,17,55.336
325,1,2,0,1,2,4,21.981
326,1,2,0,1,10,10,36.505
327,1,2,1,0,6,15,38.764
328,1,2,0,1,13,13,42.093
329,1,2,0,1,11,17,83.386
330,1,2,1,0,4,5,11.88
331,1,2,0,1,8,10,31.281
332,1,2,0,1,1,6,16.805
333,1,2,1,0,9,9,44.399
334,1,2,0,1,13,16,56.556
335,1,2,0,1,1,2,7.755
336,1,2,0,1,5,6,22.571
337,1,2,0,1,12,13,48.196
338,1,2,0,1,10,3,25.316
339,1,2,0,1,6,7,31.615
340,1,2,1,0,11,8,34.51
341,1,2,1,0,4,5,18.114
342,1,2,0,1,4,8,18.756
343,1,2,1,0,5,3,11.58
344,1,2,0,1,4,2,28.011
345,1,2,0,1,2,2,11.002
346,1,2,0,0,7,7,30.802
347,1,2,0,1,4,5,19.173
348,1,2,1,0,11,9,41.399
349,1,2,0,1,2,10,19.369
350,1,2,1,0,10,9,48.53
351,1,2,1,0,6,5,21.355
352,1,2,0,1,3,2,15.774
353,1,2,0,1,6,8,36.049
354,1,2,0,1,7,7,22.17
355,1,2,0,1,5,9,25.748
356,1,2,0,1,10,10,28.806
357,1,2,1,0,1,0,3.102
358,1,2,0,1,12,14,47.221
359,1,2,0,1,14,12,52.467
360,1,2,0,1,15,28,107.047
361,1,2,0,1,10,13,46.899
362,1,2,0,1,11,25,80.616
363,1,2,0,1,18,20,84.449
364,1,2,0,1,16,20,81.314
365,1,2,1,0,7,13,52.055
366,1,2,0,1,8,7,28.284
367,1,2,0,1,8,13,39.566
368,1,2,1,0,9,11,41.976
369,1,2,0,1,12,10,40.813
370,1,2,0,1,7,8,30.448
371,1,2,0,1,11,20,59.608
372,1,2,0,1,7,11,24.812
373,1,2,0,1,3,4,16.574
374,1,2,1,0,3,7,25.658
375,1,2,0,1,14,21,75.294
376,1,2,0,1,0,1,3.68
377,1,2,0,1,12,16,55.063
378,1,2,0,1,5,7,26.868
379,1,2,0,1,6,4,21.992
380,1,2,1,0,3,6,21.187
381,1,2,0,1,5,5,15.137
382,1,2,0,1,0,3,10.973
383,1,2,0,1,5,3,25.648
384,1,2,0,1,4,5,18.979
385,1,2,0,1,5,2,9.913
386,1,2,1,0,6,2,15.539
387,1,2,1,0,6,7,29.711
388,1,2,0,1,14,12,44.221
389,1,2,0,1,0,5,18.994
390,1,2,0,1,4,12,35.959
391,1,2,0,1,10,6,23.233
392,1,2,1,0,2,5,9.495
393,1,2,0,1,14,16,55.964
394,1,2,0,1,8,17,49.898
395,1,2,0,1,19,11,53.44
396,1,2,0,1,10,9,23.226
397,1,2,0,1,9,17,65.207
398,1,2,1,0,9,12,48.188
399,1,2,0,1,18,19,65.76
400,1,2,0,1,8,15,46.632
401,1,2,0,1,6,5,24.045
402,1,2,0,1,5,15,39.394
403,1,2,1,0,6,14,39.555
404,1,2,1,0,15,7,38.347
405,1,2,0,1,4,1,8.728
406,1,2,0,1,6,7,27.599
407,1,2,0,1,10,17,46.534
408,1,2,0,1,5,17,59.6
409,1,2,0,1,8,11,48.263
410,1,2,0,1,4,9,30.913
411,1,2,0,1,2,5,9.125
412,1,2,0,1,2,5,22.985
413,1,2,1,0,0,2,5.667
414,1,2,0,1,2,7,18.613
415,1,2,0,1,13,17,59.159
416,1,2,1,0,3,-1,7.903
417,1,2,0,1,9,10,29.716
418,1,2,0,1,10,20,69.007
419,1,2,0,1,13,13,53.286
420,1,2,1,0,5,5,19.379
421,1,2,0,1,8,6,23.653
422,1,2,0,1,9,11,38.298
423,1,2,0,1,1,6,25.691
424,1,2,0,1,10,17,54.1
425,1,2,0,1,8,18,49.651
426,1,2,0,1,2,3,8.723
427,1,2,1,0,6,6,29.452
428,1,2,0,1,2,8,16.395
429,1,2,0,1,11,13,49.194
430,1,2,0,1,4,10,26.685
431,1,2,0,1,13,15,59.895
432,1,2,0,1,5,3,14.738
433,1,2,0,1,2,4,10.528
434,1,2,0,1,4,3,11.567
435,1,2,0,1,6,6,22.243
436,1,2,1,0,1,4,12.354
437,1,2,0,1,1,3,19.97
438,1,2,1,0,10,15,58.561
439,1,2,0,1,1,1,4.482
440,1,2,1,0,17,20,63.546
441,1,2,0,1,2,2,9.309
442,1,2,0,1,4,9,22.833
443,1,2,0,1,24,30,110.373
444,1,2,0,1,2,5,15.374
445,1,2,0,1,5,5,27.062
446,1,2,0,1,5,14,40.19
447,1,2,0,1,1,2,4.667
448,1,2,0,1,13,17,67.139
449,1,2,0,1,0,3,6.91
450,1,2,0,1,8,6,25.038
451,1,2,1,0,8,2,21.205
452,1,2,0,1,0,3,5.685
453,1,2,0,1,14,25,83.131
454,1,2,0,1,7,4,20.243
455,1,2,1,0,9,4,24.63
456,1,2,0,1,4,4,14.557
457,1,2,1,0,2,4,13.922
458,1,2,0,1,9,8,38.804
459,1,2,0,1,4,10,25.923
460,1,2,0,1,1,1,6.073
461,1,2,0,1,10,13,60.765
462,1,2,0,1,10,17,50.817
463,1,2,0,1,2,8,19.032
464,1,2,0,1,3,3,12.143
465,1,2,1,0,19,17,73.439
466,1,2,1,0,4,2,15.368
467,1,2,0,1,2,7,15.558
468,1,2,0,1,10,12,40.933
469,1,2,0,1,3,2,10.757
470,1,2,0,1,6,16,38.964
471,1,2,0,1,1,8,19.391
472,1,2,1,0,9,12,48.642
473,1,2,0,1,8,9,36.963
474,1,2,0,1,2,4,10.746
475,1,2,0,1,7,10,46.431
476,1,2,0,1,8,12,39.757
477,1,2,0,1,6,11,33.926
478,1,2,0,1,5,8,26.828
479,1,2,1,0,7,5,16.578
480,1,2,0,1,4,9,28.231
481,1,2,1,0,8,16,44.659
482,1,2,0,1,6,7,16.949
483,1,2,0,1,9,22,44.735
484,1,2,0,1,8,3,18.572
485,1,2,1,0,22,31,137.528
486,1,2,0,1,0,5,10.109
487,1,2,0,1,10,21,64.18
488,1,2,0,1,13,18,58.293
489,1,2,0,1,3,3,13.94
490,1,2,0,1,15,19,56.734
491,1,2,0,1,0,2,7.107
492,1,2,0,1,11,19,70.622
493,1,2,0,1,7,6,37.376
494,1,2,1,0,7,13,40.586
495,1,2,0,1,5,10,31.266
496,1,2,0,1,14,17,60.697
497,1,2,1,0,9,9,41.739
498,1,2,1,0,17,15,56.564
499,1,2,0,1,11,8,40.694
500,1,2,0,1,-1,5,10.705
501,1,2,0,1,7,11,31.285
502,1,2,1,0,8,8,28.472
503,1,2,0,1,0,5,15.739
504,1,2,1,0,5,12,24.415
505,1,2,1,0,5,1,11.714
506,1,2,1,0,13,17,48.827
507,1,2,0,1,9,13,31.309
508,1,2,0,1,7,15,47.361
509,1,2,0,1,8,13,37.794
510,1,2,1,0,5,7,25.869
511,1,2,0,1,6,14,41.555
512,1,2,0,1,3,4,20.791
513,1,2,0,1,5,8,32.397
514,1,2,0,1,8,4,27.436
515,1,2,1,0,9,12,37.72
516,1,2,0,1,1,7,11.697
517,1,2,0,1,5,12,38.171
518,1,2,0,1,7,5,22.79
519,1,2,0,1,1,3,7.314
520,1,2,0,1,3,4,18.774
521,1,2,0,1,5,12,39.809
522,1,2,0,1,0,5,15.38
523,1,2,0,1,14,18,59.916
524,1,2,0,1,9,11,53.86
525,1,2,1,0,11,10,41.97
526,1,2,0,1,5,4,17.171
527,1,2,0,1,4,4,21.798
528,1,2,0,1,11,12,42.539
529,1,2,0,1,3,3,11.112
530,1,2,0,1,15,13,66.509
531,1,2,0,1,8,9,41.765
532,1,2,0,1,6,9,19.994
533,1,2,1,0,1,0,3.068
534,1,2,0,1,3,5,18.975
535,1,2,1,0,5,9,36.302
536,1,2,0,1,7,14,41.782
537,1,2,0,1,4,18,47.006
538,1,2,0,1,5,13,37.122
539,1,2,0,1,5,7,28.663
540,1,2,0,1,9,15,52.521
541,1,2,0,1,4,1,6.91
542,1,2,0,1,3,4,15.177
543,1,2,0,1,11,18,54.68
544,1,2,0,1,8,11,45.599
545,1,2,0,1,4,12,37.982
546,1,2,0,1,13,4,30.069
547,1,2,0,1,5,5,20.773
548,1,2,1,0,7,2,18.152
549,1,2,0,1,12,15,66.571
550,1,2,0,1,5,9,30.502
551,1,2,0,1,2,7,22.6
552,1,2,0,1,26,22,88.561
553,1,2,0,1,5,15,41.184
554,1,2,1,0,1,3,7.116
555,1,2,0,1,4,10,32.934
556,1,2,0,1,16,11,60.499
557,1,2,0,1,1,9,27.49
558,1,2,0,1,5,2,11.727
559,1,2,1,0,6,6,21.015
560,1,2,0,1,8,7,28.264
561,1,2,0,1,4,5,20.609
562,1,2,0,1,7,11,35.537
563,1,2,1,0,3,4,16.161
564,1,2,0,1,9,4,28.898
565,1,2,0,1,9,18,52.88
566,1,2,1,0,2,1,8.712
567,1,2,0,1,18,10,57.042
568,1,2,1,0,1,1,4.677
569,1,2,0,1,10,15,57.521
570,1,2,0,1,8,12,52.303
571,1,2,0,1,11,6,34.001
572,1,2,0,1,8,13,45.271
573,1,2,0,1,5,4,18.788
574,1,2,0,1,12,18,59.913
575,1,2,1,0,23,17,80.692
576,1,2,0,1,3,4,20.004
577,1,2,0,1,6,17,48.387
578,1,2,1,0,4,11,31.872
579,1,2,0,1,13,23,75.29
580,1,2,0,1,9,8,31.526
581,1,2,0,1,4,7,23.208
582,1,2,1,0,0,4,7.324
583,1,2,1,0,6,5,19.628
584,1,2,1,0,5,4,19.799
585,1,2,0,0,1,1,3.47
586,1,2,0,1,2,4,9.107
587,1,2,0,1,9,10,43.163
588,1,2,0,1,1,6,10.738
589,1,2,0,1,11,13,45.741
590,1,2,0,1,8,12,42.536
591,1,2,0,1,7,14,47.229
592,1,2,0,1,7,15,35.384
593,1,2,0,1,12,13,45.658
594,1,2,0,1,6,4,32.468
595,1,2,0,1,15,16,52.504
596,1,2,0,1,10,14,46.203
597,1,2,0,1,6,9,34.894
598,1,2,0,1,11,12,44.556
599,1,2,0,1,14,15,44.613
600,1,2,0,1,5,4,25.026
601,1,2,0,0,3,3,14.938
602,1,2,0,1,17,17,77.755
603,1,2,1,0,1,0,3.289
604,1,2,0,1,15,13,48.03
605,1,2,0,1,9,15,45.672
606,1,2,0,1,5,11,27.091
607,1,2,0,1,0,9,15.764
608,1,2,0,1,6,7,23.769
609,1,2,0,1,10,6,26.477
610,1,2,1,0,12,15,53.382
611,1,2,0,1,7,20,60.085
612,1,2,0,1,1,2,6.294
613,1,2,0,1,2,2,13.76
614,1,2,0,1,8,5,25.021
615,1,2,0,1,5,13,39.129
616,1,2,1,0,9,11,37.383
617,1,2,0,1,11,14,35.75
618,1,2,0,1,9,12,45.179
619,1,2,0,1,9,14,45.398
620,1,2,0,1,14,8,38.762
621,1,2,0,1,4,1,11.119
622,1,2,0,1,9,15,50.442
623,1,2,0,1,13,10,43.838
624,1,2,1,0,4,0,14.17
625,1,2,0,1,3,11,39.371
626,1,2,0,1,7,13,31.894
627,1,2,0,1,5,7,19.604
628,1,2,0,1,6,12,24.228
629,1,2,0,1,5,9,23.597
630,1,2,0,1,4,8,22.022
631,1,2,1,0,7,11,34.082
632,1,2,1,0,4,5,16.773
633,1,2,0,1,7,11,27.285
634,1,2,1,0,7,11,31.662
635,1,2,0,1,1,3,8.114
636,1,2,1,0,6,8,24.019
637,1,2,0,1,10,11,49.844
638,1,2,0,1,7,8,28.903
639,1,2,0,1,12,16,59.515
640,1,2,0,1,3,10,26.054
641,1,2,0,1,3,10,21.035
642,1,2,0,1,1,8,23.611
643,1,2,0,1,5,13,29.89
644,1,2,0,1,6,7,28.26
645,1,2,0,1,9,20,64.728
646,1,2,1,0,5,2,15.989
647,1,2,0,1,3,3,13.981
648,1,2,0,1,8,16,47.56
649,1,2,0,1,5,14,34.896
650,1,2,0,1,4,4,17.139
651,1,2,0,1,13,18,56.541
652,1,2,0,1,7,23,61.912
653,1,2,0,1,10,13,43.988
654,1,2,0,1,2,11,23.604
655,1,2,0,1,8,18,48.218
656,1,2,0,1,7,2,18.184
657,1,2,0,1,14,21,60.126
658,1,2,1,0,9,18,49.481
659,1,2,0,1,8,11,40.182
660,1,2,0,1,15,11,53.119
661,1,2,0,1,11,11,35.141
662,1,2,0,1,7,8,22.047
663,1,2,0,1,9,17,64.757
664,1,2,1,0,5,0,13.562
665,1,2,0,1,10,14,52.076
666,1,2,0,1,2,12,26.431
667,1,2,1,0,14,11,49.655
668,1,2,0,1,7,16,41.32
669,1,2,0,1,8,16,46.654
670,1,2,0,1,7,15,37.764
671,1,2,0,1,0,3,5.27
672,1,2,0,1,5,9,27.887
673,1,2,0,1,1,5,8.934
674,1,2,0,1,17,17,53.097
675,1,2,0,1,4,10,44.262
676,1,2,0,1,2,5,10.546
677,1,2,1,0,12,13,40.766
678,1,2,0,1,11,15,54.126
679,1,2,0,1,11,22,76.088
680,1,2,0,1,2,8,30.141
681,1,2,0,1,2,6,23.613
682,1,2,0,1,10,15,48.298
683,1,2,0,1,13,11,45.584
684,1,2,0,1,5,13,39.633
685,1,2,0,1,8,16,56.145
686,1,2,0,1,6,12,29.864
687,1,2,0,1,8,11,34.27
688,1,2,0,1,5,15,39.499
689,1,2,0,1,8,18,44.017
690,1,2,0,1,10,20,62.307
691,1,2,1,0,6,12,37.136
692,1,2,1,0,3,9,21.253
693,1,2,0,1,3,3,11.328
694,1,2,0,1,6,12,33.525
695,1,2,0,1,7,14,38.787
696,1,2,0,1,18,13,65.15
697,1,2,0,1,3,10,20.025
698,1,2,0,1,4,9,26.311
699,1,2,0,1,2,6,13.54
700,1,2,0,1,10,9,40.34
701,1,2,0,1,4,5,18.252
702,1,2,0,1,1,1,7.107
703,1,2,1,0,7,13,42.771
704,1,2,0,1,5,6,21.613
705,1,2,0,1,13,15,58.445
706,1,2,0,1,13,16,56.549
707,1,2,0,1,1,7,14.143
708,1,2,0,1,7,8,36.282
709,1,2,0,1,6,9,30.459
710,1,2,0,1,13,19,65.761
711,1,2,0,1,11,27,84.162
712,1,2,0,1,10,18,50.669
713,1,2,1,0,4,5,14.377
714,1,2,0,1,11,9,38.533
715,1,2,0,1,11,10,44.425
716,1,2,0,1,15,12,54.458
717,1,2,1,0,10,19,48.021
718,1,2,0,1,6,6,22.825
719,1,2,0,1,7,7,49.051
720,1,2,0,1,21,21,80.943
721,1,2,0,1,18,15,54.138
722,1,2,0,1,7,15,37.261
723,1,2,1,0,10,11,41.64
724,1,2,0,1,7,19,51.467
725,1,2,1,0,16,14,62.324
726,1,2,0,1,2,6,16.55
727,1,2,0,1,12,23,71.019
728,1,2,1,0,6,19,39.831
729,1,2,0,1,6,5,20.005
730,1,2,0,1,11,12,48.604
731,1,2,0,1,5,4,25.63
732,1,2,1,0,7,6,34.689
733,1,2,0,1,13,15,47.442
734,1,2,0,1,10,16,55.298
735,1,2,0,1,9,17,42.518
736,1,2,0,1,3,13,28.464
737,1,2,0,1,11,11,46.803
738,1,2,0,1,13,21,67.623
739,1,2,0,1,9,10,29.104
740,1,2,0,1,5,20,47.056
741,1,2,0,1,11,14,40.762
742,1,2,1,0,6,10,37.176
743,1,2,0,1,3,4,16.178
744,1,2,0,1,3,8,24.685
745,1,2,0,1,15,13,49.646
746,1,2,1,0,1,0,3.267
747,1,2,0,1,0,5,12.504
748,1,2,0,1,4,7,24.453
749,1,2,0,1,9,18,59.149
750,1,2,0,1,1,5,13.534
751,1,2,0,1,16,22,84.926
752,1,2,0,1,13,13,43.977
753,1,2,0,1,11,11,38.582
754,1,2,0,1,11,15,57.66
755,1,2,0,1,13,15,61.404
756,1,2,0,1,8,8,36.522
757,1,2,0,1,5,2,12.349
758,1,2,0,1,15,22,72.675
759,1,2,0,1,4,3,20.809
760,1,2,0,1,8,11,43.932
761,1,2,0,1,7,12,31.701
762,1,2,0,1,8,17,48.9
763,1,2,0,1,11,21,59.939
764,1,2,0,1,9,2,19.375
765,1,2,1,0,7,21,48.65
766,1,2,1,0,16,12,69.028
767,1,2,0,1,9,11,43.603
768,1,2,0,1,17,16,64.362
769,1,2,0,1,8,5,29.25
770,1,2,0,1,2,6,21.802
771,1,2,1,0,11,8,41.39
772,1,2,1,0,6,8,20.797
773,1,2,0,1,4,12,33.511
774,1,2,0,1,2,1,10.139
775,1,2,1,0,4,4,15.761
776,1,2,0,1,8,7,27.888
777,1,2,1,0,17,23,72.958
778,1,2,0,1,4,5,17.592
779,1,2,0,1,11,7,49.443
780,1,2,0,1,2,4,12.149
781,1,2,1,0,1,0,3.281
782,1,2,0,1,1,6,11.353
783,1,2,1,0,15,20,69.146
784,1,2,0,1,15,11,38.532
785,1,2,0,1,4,6,26.654
786,1,2,0,1,15,11,59.058
787,1,2,0,1,5,15,43.83
788,1,2,0,1,13,15,53.568
789,1,2,0,1,6,3,12.709
790,1,2,0,1,19,25,85.919
791,1,2,0,1,2,4,9.711
792,1,2,0,1,7,10,31.935
793,1,2,0,1,5,6,18.416
794,1,2,0,1,3,7,17.381
795,1,2,0,1,8,9,48.995
796,1,2,0,1,12,13,65.746
797,1,2,0,1,8,7,29.934
798,1,2,0,1,4,1,13.541
799,1,2,1,0,9,6,28.652
800,1,2,1,0,9,15,50.829
801,1,2,0,1,13,18,59.679
802,1,2,0,1,1,5,21.632
803,1,2,0,1,8,10,34.559
804,1,2,0,1,13,15,56.336
805,1,2,0,1,8,9,33.541
806,1,2,0,1,5,5,28.021
807,1,2,0,1,5,5,15.572
808,1,2,0,1,17,20,85.49
809,1,2,0,1,2,1,9.529
810,1,2,0,1,9,9,33.069
811,1,2,0,1,7,5,32.938
812,1,2,0,1,3,7,17.168
813,1,2,0,1,3,3,14.944
814,1,2,0,1,16,16,71.619
815,1,2,0,1,6,8,27.234
816,1,2,0,1,3,7,14.523
817,1,2,0,1,3,6,21.633
818,1,2,0,1,9,10,44.827
819,1,2,0,1,3,5,18.8
820,1,2,0,1,8,6,24.018
821,1,2,0,1,3,8,21.476
822,1,2,1,0,13,10,38.525
823,1,2,0,1,1,3,9.544
824,1,2,0,1,2,7,20.207
825,1,2,1,0,10,17,43.986
826,1,2,0,1,3,11,25.045
827,1,2,0,1,14,13,39.92
828,1,2,0,1,15,10,55.854
829,1,2,1,0,4,8,24.842
830,1,2,0,1,19,18,67.564
831,1,2,0,1,1,4,6.088
832,1,2,1,0,1,1,4.895
833,1,2,0,1,3,7,21.204
834,1,2,0,1,2,6,12.712
835,1,2,0,1,11,14,39.225
836,1,2,0,1,9,5,35.365
837,1,2,0,1,19,15,62.933
838,1,2,0,1,3,7,19.651
839,1,2,0,1,2,7,16.972
840,1,2,0,1,4,10,24.027
841,1,2,0,1,13,18,59.724
842,1,2,0,1,6,9,25.45
843,1,2,0,1,4,4,20.614
844,1,2,0,1,2,13,30.42
845,1,2,0,1,12,22,56.665
846,1,2,0,1,8,17,41.8
847,1,2,0,1,10,13,49.681
848,1,2,0,1,4,6,26.051
849,1,2,0,1,7,11,27.485
850,1,2,0,1,13,16,51.646
851,1,2,0,1,4,5,23.399
852,1,2,0,1,7,24,67.409
853,1,2,0,1,11,13,47.258
854,1,2,0,1,11,17,59.762
855,1,2,0,1,11,21,51.102
856,1,2,0,1,9,5,25.442
857,1,2,0,1,12,12,48.399
858,1,2,0,1,9,3,20.806
859,1,2,0,1,9,10,40.94
860,1,2,1,0,9,11,34.263
861,1,2,1,0,13,12,41.942
862,1,2,0,1,10,16,51.287
863,1,2,0,1,1,7,14.948
864,1,2,0,1,14,24,94.15
865,1,2,0,1,5,8,24.28
866,1,2,0,1,10,9,49.035
867,1,2,0,1,11,18,54.431
868,1,2,1,0,5,2,17.124
869,1,2,0,1,14,14,77.956
870,1,2,0,1,6,17,46.038
871,1,2,0,1,11,14,54.325
872,1,2,0,1,1,7,20.367
873,1,2,0,1,15,9,44.027
874,1,2,0,1,2,6,22.4
875,1,2,0,1,12,10,37.339
876,1,2,0,1,13,12,56.099
877,1,2,0,1,15,17,79.013
878,1,2,0,1,6,2,23.655
879,1,2,0,0,9,9,29.658
880,1,2,1,0,12,14,49.871
881,1,2,0,1,1,8,24.663
882,1,2,0,1,8,4,34.185
883,1,2,0,1,6,11,30.293
884,1,2,0,1,4,2,10.316
885,1,2,0,1,4,8,19.413
886,1,2,0,1,5,11,31.896
887,1,2,0,1,0,3,10.74
888,1,2,0,1,18,23,92.779
889,1,2,0,1,6,9,24.222
890,1,2,0,1,5,16,41.587
891,1,2,0,1,11,10,40.804
892,1,2,0,1,6,7,31.098
893,1,2,0,1,19,9,52.097
894,1,2,0,1,13,17,70.819
895,1,2,1,0,10,15,47.041
896,1,2,1,0,13,9,43.403
897,1,2,0,1,3,10,29.476
898,1,2,0,1,8,12,49.883
899,1,2,1,0,9,9,31.935
900,1,2,0,1,6,9,30.5
901,1,2,0,1,11,22,59.784
902,1,2,0,1,4,11,21.591
903,1,2,0,1,10,8,29.899
904,1,2,0,1,3,11,31.165
905,1,2,0,1,3,5,18.983
906,1,2,0,1,6,13,37.613
907,1,2,0,1,6,6,19.399
908,1,2,0,1,9,11,41.364
909,1,2,0,1,4,7,29.923
910,1,2,0,1,9,14,44.204
911,1,2,0,1,0,2,4.88
912,1,2,0,1,8,17,60.522
913,1,2,0,1,3,4,13.962
914,1,2,0,1,13,14,60.719
915,1,2,0,1,10,13,44.657
916,1,2,0,1,10,16,57.938
917,1,2,0,1,9,8,34.522
918,1,2,0,1,4,9,26.801
919,1,2,1,0,1,0,3.25
920,1,2,1,0,10,14,47.217
921,1,2,0,1,2,3,8.295
922,1,2,0,1,1,2,4.867
923,1,2,0,1,20,18,74.339
924,1,2,0,1,1,5,9.692
925,1,2,0,1,12,11,52.731
926,1,2,0,1,13,14,59.362
927,1,2,0,1,3,6,21.586
928,1,2,0,1,16,20,71.0
929,1,2,0,1,15,14,63.504
930,1,2,0,1,11,10,37.151
931,1,2,0,1,12,15,48.415
932,1,2,0,1,16,16,68.577
933,1,2,0,1,1,7,19.84
934,1,2,1,0,19,20,77.048
935,1,2,0,1,7,9,33.324
936,1,2,0,1,9,22,68.665
937,1,2,1,0,10,19,47.02
938,1,2,0,1,6,15,40.201
939,1,2,0,1,11,19,54.822
940,1,2,0,1,7,21,69.549
941,1,2,0,1,9,8,30.899
942,1,2,1,0,3,1,7.093
943,1,2,0,1,2,9,19.976
944,1,2,0,1,3,3,9.932
945,1,2,1,0,5,7,21.622
946,1,2,0,1,9,11,33.316
947,1,2,0,1,4,12,34.747
948,1,2,0,1,2,5,19.84
949,1,2,0,1,3,10,32.345
950,1,2,0,1,10,12,46.707
951,1,2,0,1,11,15,40.524
952,1,2,1,0,1,0,3.275
953,1,2,0,1,5,5,21.209
954,1,2,1,0,4,0,10.95
955,1,2,0,1,3,9,33.308
956,1,2,0,1,13,12,41.384
957,1,2,1,0,16,18,73.063
958,1,2,0,1,3,4,11.944
959,1,2,0,1,-1,3,5.504
960,1,2,0,1,7,11,33.13
961,1,2,1,0,3,7,15.774
962,1,2,1,0,5,5,23.624
963,1,2,1,0,3,0,5.708
964,1,2,0,1,1,4,20.789
965,1,2,1,0,0,3,6.278
966,1,2,0,1,10,8,42.606
967,1,2,0,1,8,9,35.909
968,1,2,0,1,11,19,58.389
969,1,2,1,0,6,6,22.989
970,1,2,1,0,7,11,30.923
971,1,2,0,1,10,5,31.705
972,1,2,1,0,3,5,14.979
973,1,2,0,1,1,1,9.509
974,1,2,0,1,3,8,22.418
975,1,2,0,1,4,8,28.713
976,1,2,0,1,11,7,35.355
977,1,2,0,1,8,17,49.272
978,1,2,0,1,3,8,19.385
979,1,2,0,1,5,6,22.212
980,1,2,0,1,10,17,50.191
981,1,2,0,1,10,9,41.604
982,1,2,0,1,16,18,70.393
983,1,2,0,1,11,16,45.198
984,1,2,0,1,21,21,78.115
985,1,2,0,1,10,14,63.159
986,1,2,0,1,13,14,44.415
987,1,2,0,1,6,13,41.528
988,1,2,0,1,15,17,72.436
989,1,2,1,0,5,5,13.338
990,1,2,0,1,6,8,24.615
991,1,2,0,1,1,11,20.593
992,1,2,0,1,5,9,25.878
993,1,2,1,0,5,3,13.78
994,1,2,0,1,6,4,27.857
995,1,2,1,0,3,2,5.9
996,1,2,0,1,6,16,51.704
997,1,2,0,1,11,20,59.36
998,1,2,0,1,7,7,35.306
999,1,2,0,1,6,11,38.959
