round,bot1,bot2,score1,score2,apple1,apple2,time
0,1,2,1,0,11,7,31.585
1,1,2,1,0,5,7,25.98
2,1,2,0,1,11,16,48.623
3,1,2,1,0,6,3,20.768
4,1,2,1,0,23,11,64.78
5,1,2,1,0,5,4,16.553
6,1,2,1,0,6,8,28.061
7,1,2,0,1,26,11,59.358
8,1,2,1,0,13,16,61.323
9,1,2,0,1,0,0,3.679
10,1,2,1,0,4,8,26.664
11,1,2,1,0,11,1,22.99
12,1,2,1,0,10,12,43.635
13,1,2,1,0,10,7,28.068
14,1,2,1,0,14,9,49.303
15,1,2,1,0,4,2,15.14
16,1,2,1,0,10,11,48.181
17,1,2,1,0,8,4,26.395
18,1,2,1,0,5,3,17.546
19,1,2,1,0,16,11,61.874
20,1,2,1,0,4,7,15.59
21,1,2,1,0,6,4,12.354
22,1,2,0,0,3,3,11.294
23,1,2,1,0,13,5,31.877
24,1,2,1,0,8,5,18.793
25,1,2,0,1,2,4,11.897
26,1,2,1,0,21,16,73.229
27,1,2,1,0,3,2,12.109
28,1,2,1,0,11,8,31.463
29,1,2,1,0,23,13,76.886
30,1,2,1,0,12,11,37.975
31,1,2,0,1,27,15,86.6
32,1,2,0,1,4,1,9.096
33,1,2,1,0,17,7,48.078
34,1,2,0,1,5,6,18.363
35,1,2,1,0,16,13,44.571
36,1,2,0,0,1,1,3.249
37,1,2,0,1,5,6,14.78
38,1,2,1,0,5,6,22.649
39,1,2,1,0,10,4,23.25
40,1,2,1,0,25,13,91.101
41,1,2,1,0,6,4,19.598
42,1,2,0,1,3,1,6.445
43,1,2,0,1,1,1,8.479
44,1,2,1,0,11,14,47.624
45,1,2,0,1,2,1,4.871
46,1,2,1,0,5,0,13.714
47,1,2,0,1,6,3,17.149
48,1,2,1,0,10,3,25.462
49,1,2,0,0,1,1,3.253
50,1,2,1,0,7,3,25.254
51,1,2,1,0,13,5,27.443
52,1,2,0,1,2,0,3.651
53,1,2,0,0,3,3,14.159
54,1,2,0,0,1,1,3.268
55,1,2,1,0,7,4,31.855
56,1,2,0,1,3,4,9.706
57,1,2,1,0,11,3,17.539
58,1,2,1,0,9,5,20.553
59,1,2,0,1,2,3,8.064
60,1,2,0,0,3,3,14.128
61,1,2,0,1,1,0,3.657
62,1,2,1,0,15,14,56.636
63,1,2,0,1,4,5,21.019
64,1,2,0,1,4,1,13.761
65,1,2,1,0,11,10,27.055
66,1,2,0,1,1,0,5.671
67,1,2,1,0,10,6,34.518
68,1,2,0,1,9,7,25.666
69,1,2,1,0,11,2,25.997
70,1,2,1,0,6,11,31.548
71,1,2,0,1,5,4,14.326
72,1,2,1,0,13,20,55.012
73,1,2,1,0,6,5,24.216
74,1,2,1,0,7,1,17.159
75,1,2,1,0,11,6,36.298
76,1,2,0,0,7,7,26.834
77,1,2,1,0,11,7,42.542
78,1,2,0,1,8,4,23.608
79,1,2,0,1,15,10,57.113
80,1,2,1,0,3,5,15.765
81,1,2,1,0,15,9,47.797
82,1,2,0,0,1,1,2.842
83,1,2,1,0,5,6,21.19
84,1,2,1,0,8,7,30.095
85,1,2,0,1,8,3,20.789
86,1,2,0,1,5,7,25.175
87,1,2,1,0,16,13,56.199
88,1,2,1,0,7,5,23.811
89,1,2,1,0,9,11,35.315
90,1,2,1,0,14,7,38.795
91,1,2,0,1,1,1,5.274
92,1,2,0,1,5,0,8.296
93,1,2,1,0,4,2,16.57
94,1,2,0,1,4,5,17.788
95,1,2,0,1,4,1,7.907
96,1,2,1,0,5,4,13.494
97,1,2,0,1,3,5,19.421
98,1,2,1,0,6,6,20.352
99,1,2,0,0,2,2,3.647
100,1,2,0,1,4,6,21.591
101,1,2,0,1,2,3,10.097
102,1,2,1,0,13,5,33.265
103,1,2,0,1,5,2,13.109
104,1,2,1,0,15,8,51.479
105,1,2,0,1,8,12,32.448
106,1,2,1,0,14,3,34.172
107,1,2,0,1,12,4,30.887
108,1,2,1,0,11,8,36.546
109,1,2,1,0,12,9,41.085
110,1,2,1,0,9,6,27.206
111,1,2,1,0,16,12,54.886
112,1,2,1,0,16,6,35.909
113,1,2,1,0,6,4,29.242
114,1,2,0,1,8,9,33.311
115,1,2,1,0,3,4,13.304
116,1,2,1,0,7,4,22.456
117,1,2,0,1,25,14,77.034
118,1,2,1,0,8,10,29.379
119,1,2,1,0,13,8,49.61
120,1,2,1,0,15,10,50.808
121,1,2,1,0,10,5,26.801
122,1,2,1,0,5,4,19.748
123,1,2,0,1,7,8,28.734
124,1,2,1,0,5,8,27.392
125,1,2,1,0,7,7,31.667
126,1,2,0,0,2,2,5.085
127,1,2,0,1,6,7,20.761
128,1,2,1,0,7,11,37.092
129,1,2,1,0,18,14,61.303
130,1,2,1,0,7,5,23.02
131,1,2,1,0,15,4,31.658
132,1,2,1,0,6,2,11.927
133,1,2,1,0,13,4,24.015
134,1,2,0,1,2,3,18.554
135,1,2,0,1,4,1,7.87
136,1,2,1,0,23,12,63.442
137,1,2,1,0,4,3,10.285
138,1,2,0,1,4,10,20.164
139,1,2,1,0,13,10,46.063
140,1,2,0,1,2,2,9.924
141,1,2,1,0,5,3,10.71
142,1,2,0,0,4,4,10.901
143,1,2,1,0,14,12,42.996
144,1,2,1,0,24,13,72.69
145,1,2,1,0,3,1,9.865
146,1,2,1,0,10,7,28.861
147,1,2,0,1,13,7,48.998
148,1,2,1,0,7,3,18.95
149,1,2,1,0,6,4,24.865
150,1,2,1,0,9,5,19.594
151,1,2,0,1,17,9,36.843
152,1,2,1,0,12,7,40.141
153,1,2,0,1,2,0,3.65
154,1,2,1,0,7,7,26.651
155,1,2,1,0,13,10,44.567
156,1,2,0,1,17,17,66.959
157,1,2,1,0,20,11,65.276
158,1,2,1,0,5,2,10.079
159,1,2,0,0,3,3,17.33
160,1,2,1,0,21,10,66.718
161,1,2,1,0,6,1,10.705
162,1,2,1,0,13,11,38.193
163,1,2,0,1,5,0,6.512
164,1,2,0,0,1,1,2.84
165,1,2,1,0,6,4,22.175
166,1,2,1,0,12,5,33.669
167,1,2,0,1,0,0,3.674
168,1,2,1,0,3,1,9.488
169,1,2,1,0,14,19,67.396
170,1,2,0,1,19,12,64.447
171,1,2,1,0,11,5,36.672
172,1,2,0,1,18,15,64.282
173,1,2,1,0,5,4,9.471
174,1,2,0,1,4,7,22.795
175,1,2,0,1,19,13,69.485
176,1,2,0,1,3,1,10.701
177,1,2,0,1,11,6,35.528
178,1,2,1,0,14,11,38.3
179,1,2,1,0,11,8,31.204
180,1,2,1,0,11,7,28.834
181,1,2,1,0,7,5,25.01
182,1,2,1,0,16,8,35.288
183,1,2,0,1,4,1,5.263
184,1,2,1,0,15,7,41.972
185,1,2,1,0,7,8,32.446
186,1,2,1,0,10,4,28.644
187,1,2,1,0,5,0,13.32
188,1,2,0,1,10,7,33.882
189,1,2,1,0,5,3,16.211
190,1,2,1,0,19,17,61.495
191,1,2,1,0,8,1,26.4
192,1,2,0,1,2,9,17.771
193,1,2,1,0,4,2,7.476
194,1,2,1,0,8,2,12.31
195,1,2,1,0,5,3,17.385
196,1,2,1,0,13,13,44.139
197,1,2,1,0,14,15,43.423
198,1,2,1,0,21,10,60.89
199,1,2,1,0,8,6,29.66
200,1,2,0,0,16,16,75.021
201,1,2,0,1,0,4,13.938
202,1,2,1,0,5,4,10.289
203,1,2,1,0,8,5,16.308
204,1,2,0,0,1,1,2.839
205,1,2,1,0,7,1,21.782
206,1,2,1,0,3,1,9.092
207,1,2,0,0,1,1,2.842
208,1,2,0,1,4,3,8.871
209,1,2,0,1,5,3,24.401
210,1,2,1,0,8,14,61.695
211,1,2,1,0,8,3,18.367
212,1,2,1,0,4,2,13.322
213,1,2,1,0,13,7,33.256
214,1,2,1,0,6,5,19.155
215,1,2,1,0,5,2,14.941
216,1,2,0,1,7,0,15.141
217,1,2,0,1,11,3,26.832
218,1,2,1,0,9,6,27.617
219,1,2,1,0,7,5,19.949
220,1,2,0,1,2,1,7.69
221,1,2,1,0,12,9,44.788
222,1,2,0,1,4,4,17.572
223,1,2,0,1,2,3,5.071
224,1,2,1,0,13,7,36.514
225,1,2,1,0,2,1,3.862
226,1,2,0,1,14,15,51.606
227,1,2,0,1,5,7,15.732
228,1,2,1,0,7,5,30.227
229,1,2,1,0,15,13,51.616
230,1,2,1,0,13,6,44.531
231,1,2,1,0,9,4,22.828
232,1,2,1,0,5,4,19.152
233,1,2,1,0,4,2,14.725
234,1,2,1,0,23,14,80.7
235,1,2,1,0,6,3,12.302
236,1,2,0,1,8,7,25.986
237,1,2,1,0,12,5,30.194
238,1,2,0,1,5,1,15.974
239,1,2,0,1,4,6,21.774
240,1,2,1,0,12,11,45.078
241,1,2,1,0,11,7,28.879
242,1,2,0,1,2,1,6.049
243,1,2,1,0,7,9,31.306
244,1,2,1,0,11,11,29.078
245,1,2,0,1,7,8,19.976
246,1,2,1,0,6,3,20.601
247,1,2,1,0,16,13,53.002
248,1,2,1,0,3,2,5.264
249,1,2,1,0,10,7,31.289
250,1,2,1,0,8,3,28.804
251,1,2,1,0,9,5,34.502
252,1,2,1,0,20,15,55.058
253,1,2,0,1,7,2,18.393
254,1,2,1,0,10,5,36.74
255,1,2,1,0,8,2,29.682
256,1,2,0,0,4,4,14.92
257,1,2,1,0,11,6,34.896
258,1,2,1,0,4,2,14.145
259,1,2,1,0,2,1,3.443
260,1,2,1,0,11,2,26.361
261,1,2,1,0,11,3,24.596
262,1,2,1,0,12,10,35.083
263,1,2,1,0,20,11,46.14
264,1,2,1,0,15,11,59.542
265,1,2,0,1,6,0,8.283
266,1,2,1,0,14,5,38.292
267,1,2,1,0,6,6,18.577
268,1,2,0,1,8,11,59.713
269,1,2,1,0,10,2,20.968
270,1,2,1,0,15,9,59.585
271,1,2,1,0,7,7,25.831
272,1,2,0,1,10,13,33.102
273,1,2,0,1,11,14,38.485
274,1,2,0,1,1,2,6.868
275,1,2,1,0,15,10,42.275
276,1,2,0,1,20,14,52.806
277,1,2,1,0,9,10,48.18
278,1,2,1,0,10,10,35.063
279,1,2,0,1,4,2,9.278
280,1,2,0,1,2,3,7.682
281,1,2,1,0,14,10,52.376
282,1,2,0,0,5,5,17.592
283,1,2,0,1,9,2,26.996
284,1,2,0,1,1,2,9.875
285,1,2,1,0,16,7,41.768
286,1,2,0,1,3,7,18.162
287,1,2,1,0,12,13,48.864
288,1,2,0,1,5,6,19.778
289,1,2,1,0,9,5,29.633
290,1,2,1,0,11,12,39.782
291,1,2,1,0,7,5,29.044
292,1,2,1,0,7,4,22.205
293,1,2,0,1,12,14,50.982
294,1,2,1,0,7,8,23.033
295,1,2,1,0,11,6,31.866
296,1,2,0,1,2,1,6.858
297,1,2,1,0,5,1,7.906
298,1,2,1,0,17,4,34.076
299,1,2,0,1,3,4,12.699
300,1,2,0,0,6,6,25.436
301,1,2,1,0,9,7,25.639
302,1,2,0,1,2,3,9.079
303,1,2,0,0,3,3,13.722
304,1,2,1,0,3,0,6.099
305,1,2,0,1,6,6,24.824
306,1,2,1,0,18,6,47.831
307,1,2,1,0,8,9,44.016
308,1,2,1,0,7,4,16.203
309,1,2,1,0,4,4,18.347
310,1,2,0,1,5,4,15.349
311,1,2,1,0,11,7,25.411
312,1,2,1,0,12,10,33.14
313,1,2,1,0,19,9,56.919
314,1,2,1,0,4,2,8.904
315,1,2,0,0,8,8,38.946
316,1,2,1,0,2,1,7.47
317,1,2,1,0,11,12,33.093
318,1,2,1,0,5,7,21.794
319,1,2,1,0,9,4,24.188
320,1,2,1,0,7,10,28.889
321,1,2,1,0,14,19,57.341
322,1,2,1,0,4,3,10.286
323,1,2,1,0,2,1,3.841
324,1,2,1,0,11,6,41.582
325,1,2,1,0,17,7,45.312
326,1,2,0,1,4,0,9.913
327,1,2,0,1,10,15,51.421
328,1,2,1,0,7,7,33.15
329,1,2,1,0,18,10,52.881
330,1,2,1,0,10,3,21.776
331,1,2,1,0,5,8,24.403
332,1,2,0,1,6,2,17.568
333,1,2,1,0,6,10,39.372
334,1,2,0,1,0,1,6.877
335,1,2,1,0,21,13,60.886
336,1,2,1,0,14,11,48.556
337,1,2,1,0,3,1,10.088
338,1,2,1,0,11,10,34.515
339,1,2,0,1,2,6,15.089
340,1,2,1,0,20,12,64.97
341,1,2,1,0,9,7,28.45
342,1,2,1,0,7,4,18.173
343,1,2,1,0,18,16,60.951
344,1,2,1,0,12,11,42.609
345,1,2,1,0,8,16,52.584
346,1,2,1,0,16,8,41.575
347,1,2,0,1,2,0,4.867
348,1,2,1,0,7,4,17.948
349,1,2,1,0,12,7,38.514
350,1,2,1,0,22,19,79.202
351,1,2,0,1,5,2,14.088
352,1,2,1,0,16,12,72.276
353,1,2,0,0,1,1,3.447
354,1,2,1,0,20,14,68.608
355,1,2,1,0,7,2,20.168
356,1,2,1,0,7,4,18.349
357,1,2,0,1,10,8,38.504
358,1,2,1,0,2,1,5.273
359,1,2,1,0,10,9,33.671
360,1,2,1,0,5,6,15.537
361,1,2,1,0,11,10,33.637
362,1,2,1,0,10,7,31.456
363,1,2,1,0,9,11,47.001
364,1,2,1,0,3,5,18.14
365,1,2,1,0,15,13,58.876
366,1,2,1,0,12,9,48.179
367,1,2,1,0,17,14,61.286
368,1,2,0,1,4,6,15.365
369,1,2,1,0,13,3,29.064
370,1,2,0,1,2,3,4.648
371,1,2,0,1,2,4,11.717
372,1,2,1,0,10,8,34.349
373,1,2,1,0,11,10,51.248
374,1,2,1,0,7,3,21.828
375,1,2,0,1,6,9,32.445
376,1,2,1,0,10,7,28.432
377,1,2,0,1,4,5,18.18
378,1,2,0,1,16,13,63.116
379,1,2,1,0,5,4,29.033
380,1,2,1,0,7,4,32.47
381,1,2,1,0,6,4,19.385
382,1,2,0,1,7,2,21.204
383,1,2,0,1,2,3,8.497
384,1,2,0,1,13,14,49.837
385,1,2,1,0,4,4,11.097
386,1,2,0,0,1,1,3.244
387,1,2,0,1,2,2,5.453
388,1,2,1,0,10,8,32.421
389,1,2,0,1,1,6,18.592
390,1,2,1,0,4,6,18.381
391,1,2,0,1,5,7,25.415
392,1,2,1,0,20,11,60.901
393,1,2,0,1,8,8,29.87
394,1,2,0,1,5,2,13.95
395,1,2,1,0,6,5,20.748
396,1,2,1,0,4,1,10.096
397,1,2,1,0,3,6,24.017
398,1,2,1,0,9,6,32.244
399,1,2,1,0,4,5,15.566
400,1,2,1,0,3,2,12.899
401,1,2,0,0,1,1,3.042
402,1,2,1,0,9,4,31.84
403,1,2,1,0,2,1,3.044
404,1,2,1,0,2,1,3.044
405,1,2,1,0,21,16,78.125
406,1,2,1,0,9,3,21.399
407,1,2,1,0,13,7,33.524
408,1,2,1,0,6,1,12.278
409,1,2,0,1,12,9,40.791
410,1,2,1,0,6,5,26.013
411,1,2,0,1,2,1,5.265
412,1,2,1,0,17,11,69.552
413,1,2,1,0,5,5,24.173
414,1,2,0,0,1,1,3.247
415,1,2,0,1,2,2,5.669
416,1,2,1,0,7,6,25.593
417,1,2,0,0,2,2,3.041
418,1,2,1,0,3,5,16.16
419,1,2,1,0,11,6,31.857
420,1,2,1,0,12,8,39.899
421,1,2,0,1,3,2,8.076
422,1,2,1,0,7,7,26.68
423,1,2,1,0,6,6,26.66
424,1,2,0,1,10,3,28.424
425,1,2,0,0,4,4,17.149
426,1,2,1,0,15,10,36.88
427,1,2,1,0,7,5,20.582
428,1,2,0,1,9,7,32.264
429,1,2,0,1,10,8,42.148
430,1,2,1,0,5,8,31.656
431,1,2,1,0,4,3,12.504
432,1,2,1,0,6,10,36.247
433,1,2,0,1,7,2,16.738
434,1,2,0,1,9,4,25.567
435,1,2,1,0,6,3,22.985
436,1,2,1,0,11,10,44.361
437,1,2,0,1,3,4,11.12
438,1,2,1,0,21,9,54.611
439,1,2,1,0,4,1,4.256
440,1,2,0,1,10,8,40.129
441,1,2,0,1,6,11,35.131
442,1,2,1,0,7,3,25.006
443,1,2,0,1,8,5,34.437
444,1,2,1,0,19,7,48.959
445,1,2,0,1,1,0,5.648
446,1,2,1,0,21,9,56.455
447,1,2,1,0,6,6,26.855
448,1,2,1,0,9,4,37.963
449,1,2,0,1,11,6,37.165
450,1,2,1,0,18,14,84.233
451,1,2,0,1,1,3,3.246
452,1,2,1,0,13,4,31.276
453,1,2,0,1,5,4,16.727
454,1,2,1,0,14,5,37.502
455,1,2,1,0,14,9,50.032
456,1,2,1,0,6,1,10.892
457,1,2,1,0,7,6,21.778
458,1,2,1,0,14,10,42.869
459,1,2,0,1,17,6,51.741
460,1,2,0,1,7,2,15.128
461,1,2,1,0,10,7,30.643
462,1,2,1,0,10,6,26.825
463,1,2,1,0,7,13,35.661
464,1,2,1,0,4,2,16.728
465,1,2,1,0,2,1,4.053
466,1,2,1,0,3,3,16.125
467,1,2,1,0,3,1,7.484
468,1,2,1,0,4,2,8.476
469,1,2,1,0,7,5,18.953
470,1,2,1,0,3,4,16.56
471,1,2,1,0,8,7,30.848
472,1,2,1,0,8,3,17.52
473,1,2,1,0,9,5,29.85
474,1,2,1,0,9,6,37.248
475,1,2,1,0,12,5,34.091
476,1,2,1,0,13,6,27.817
477,1,2,0,1,11,4,28.248
478,1,2,0,1,11,9,49.772
479,1,2,0,1,2,1,8.895
480,1,2,0,1,15,5,40.781
481,1,2,0,1,2,4,20.165
482,1,2,1,0,2,1,4.252
483,1,2,1,0,9,8,33.903
484,1,2,1,0,9,4,24.177
485,1,2,0,1,3,1,9.476
486,1,2,1,0,3,2,8.127
487,1,2,1,0,10,3,22.379
488,1,2,1,0,8,5,16.731
489,1,2,1,0,16,9,56.294
490,1,2,0,1,8,2,17.317
491,1,2,1,0,10,5,25.409
492,1,2,1,0,9,5,26.465
493,1,2,1,0,11,5,31.466
494,1,2,1,0,5,3,29.228
495,1,2,1,0,21,10,49.0
496,1,2,1,0,16,10,46.015
497,1,2,0,1,4,4,22.81
498,1,2,1,0,12,10,56.307
499,1,2,1,0,6,9,33.571
500,1,2,0,1,2,0,4.451
501,1,2,1,0,3,5,9.273
502,1,2,0,1,10,15,48.97
503,1,2,1,0,2,1,3.231
504,1,2,1,0,15,7,42.593
505,1,2,1,0,5,3,18.546
506,1,2,1,0,5,3,10.879
507,1,2,1,0,6,5,17.938
508,1,2,1,0,12,11,54.247
509,1,2,1,0,15,11,43.176
510,1,2,1,0,5,3,12.548
511,1,2,1,0,14,4,32.877
512,1,2,1,0,16,6,40.365
513,1,2,0,1,1,1,6.873
514,1,2,1,0,3,1,8.484
515,1,2,1,0,6,14,43.918
516,1,2,1,0,9,2,21.163
517,1,2,0,1,10,14,47.064
518,1,2,0,0,1,1,3.062
519,1,2,1,0,22,12,69.017
520,1,2,0,1,13,8,46.831
521,1,2,1,0,6,4,18.548
522,1,2,0,1,5,6,20.203
523,1,2,1,0,12,7,35.523
524,1,2,1,0,7,6,27.916
525,1,2,0,1,3,0,6.069
526,1,2,0,1,0,0,3.682
527,1,2,1,0,9,6,28.034
528,1,2,1,0,5,0,7.066
529,1,2,1,0,11,5,31.074
530,1,2,0,1,0,0,3.683
531,1,2,0,0,3,3,5.052
532,1,2,1,0,17,10,53.875
533,1,2,1,0,12,10,52.05
534,1,2,1,0,4,4,16.724
535,1,2,1,0,19,16,64.935
536,1,2,1,0,14,12,38.446
537,1,2,1,0,4,4,17.748
538,1,2,1,0,15,9,42.551
539,1,2,0,0,1,1,8.324
540,1,2,0,1,6,8,27.684
541,1,2,1,0,11,7,38.569
542,1,2,1,0,13,8,38.504
543,1,2,1,0,16,10,61.29
544,1,2,1,0,4,2,9.935
545,1,2,1,0,9,1,23.394
546,1,2,0,1,3,5,12.931
547,1,2,1,0,4,6,19.408
548,1,2,1,0,12,14,63.744
549,1,2,0,1,5,11,25.227
550,1,2,0,1,6,2,23.629
551,1,2,1,0,2,5,11.93
552,1,2,0,1,3,0,6.262
553,1,2,0,1,5,3,8.905
554,1,2,1,0,5,2,12.701
555,1,2,1,0,8,5,30.228
556,1,2,1,0,14,10,50.304
557,1,2,1,0,7,8,35.162
558,1,2,1,0,13,6,35.752
559,1,2,0,1,9,2,15.327
560,1,2,1,0,8,5,21.176
561,1,2,1,0,17,11,67.777
562,1,2,1,0,15,11,45.553
563,1,2,0,1,3,1,6.065
564,1,2,1,0,7,5,17.358
565,1,2,1,0,14,11,41.988
566,1,2,0,1,14,16,53.438
567,1,2,0,0,1,1,3.049
568,1,2,0,1,3,3,8.471
569,1,2,0,1,2,0,3.646
570,1,2,0,1,0,1,7.255
571,1,2,1,0,6,2,27.452
572,1,2,1,0,6,4,16.968
573,1,2,1,0,16,12,53.172
574,1,2,1,0,19,10,53.357
575,1,2,0,0,2,2,13.34
576,1,2,1,0,17,4,42.369
577,1,2,1,0,3,2,10.11
578,1,2,0,1,15,6,39.961
579,1,2,1,0,8,6,26.852
580,1,2,0,0,3,3,7.875
581,1,2,1,0,11,7,24.915
582,1,2,1,0,5,4,17.783
583,1,2,1,0,15,12,56.338
584,1,2,1,0,16,10,44.835
585,1,2,1,0,9,2,24.24
586,1,2,1,0,8,8,36.514
587,1,2,1,0,3,1,5.055
588,1,2,1,0,24,16,70.353
589,1,2,0,1,14,10,37.8
590,1,2,1,0,14,12,57.696
591,1,2,0,1,1,2,5.445
592,1,2,0,1,3,7,16.535
593,1,2,1,0,13,9,48.028
594,1,2,0,1,9,11,38.929
595,1,2,0,0,3,3,12.351
596,1,2,1,0,3,4,16.782
597,1,2,1,0,5,3,19.335
598,1,2,0,0,4,4,10.34
599,1,2,0,1,15,19,69.392
600,1,2,0,1,6,8,29.249
601,1,2,1,0,5,2,13.727
602,1,2,0,1,5,9,22.997
603,1,2,0,1,23,14,67.963
604,1,2,0,1,1,2,2.838
605,1,2,0,1,20,11,56.249
606,1,2,1,0,3,1,6.499
607,1,2,1,0,16,14,62.902
608,1,2,0,1,2,3,8.884
609,1,2,0,1,3,4,10.293
610,1,2,1,0,7,3,20.041
611,1,2,1,0,8,4,19.345
612,1,2,1,0,5,4,17.977
613,1,2,1,0,8,1,23.632
614,1,2,1,0,5,3,8.514
615,1,2,1,0,2,1,3.636
616,1,2,1,0,5,1,12.942
617,1,2,0,1,9,9,39.894
618,1,2,1,0,4,11,31.434
619,1,2,0,1,3,4,8.709
620,1,2,1,0,19,13,63.748
621,1,2,1,0,5,3,14.166
622,1,2,1,0,12,8,40.703
623,1,2,1,0,3,2,18.948
624,1,2,0,1,1,3,4.657
625,1,2,1,0,2,1,11.305
626,1,2,1,0,12,3,30.024
627,1,2,0,1,8,4,34.142
628,1,2,0,1,6,1,8.479
629,1,2,0,1,1,2,4.469
630,1,2,0,1,21,14,63.887
631,1,2,1,0,13,11,52.026
632,1,2,1,0,22,13,69.256
633,1,2,0,1,9,5,29.068
634,1,2,1,0,3,3,19.83
635,1,2,1,0,15,12,58.483
636,1,2,1,0,11,8,49.445
637,1,2,1,0,19,8,54.72
638,1,2,1,0,14,13,55.449
639,1,2,0,0,2,2,5.685
640,1,2,1,0,14,9,48.061
641,1,2,0,1,17,11,65.515
642,1,2,0,1,5,6,19.188
643,1,2,1,0,20,10,56.683
644,1,2,0,1,5,1,16.529
645,1,2,1,0,13,9,41.328
646,1,2,0,1,2,6,10.717
647,1,2,0,1,11,5,34.184
648,1,2,1,0,7,7,22.637
649,1,2,0,1,3,5,13.108
650,1,2,0,0,3,3,14.931
651,1,2,1,0,3,2,11.714
652,1,2,1,0,10,8,33.734
653,1,2,0,1,10,7,31.295
654,1,2,1,0,3,1,6.916
655,1,2,0,1,13,9,39.083
656,1,2,1,0,11,6,45.941
657,1,2,1,0,11,6,43.927
658,1,2,1,0,7,4,24.0
659,1,2,0,1,2,4,16.567
660,1,2,1,0,6,2,13.115
661,1,2,1,0,12,10,49.417
662,1,2,0,0,2,2,10.494
663,1,2,1,0,10,12,43.336
664,1,2,1,0,11,4,32.41
665,1,2,1,0,3,2,15.946
666,1,2,0,0,1,1,3.036
667,1,2,1,0,4,0,7.689
668,1,2,1,0,9,5,27.441
669,1,2,1,0,7,3,19.354
670,1,2,1,0,4,5,17.142
671,1,2,0,0,6,6,16.119
672,1,2,0,1,8,10,29.022
673,1,2,1,0,8,3,25.622
674,1,2,0,1,7,5,23.368
675,1,2,1,0,7,7,22.006
676,1,2,1,0,4,0,9.491
677,1,2,0,1,7,11,34.446
678,1,2,0,0,2,2,3.649
679,1,2,1,0,21,12,58.152
680,1,2,1,0,9,7,29.19
681,1,2,1,0,9,6,22.185
682,1,2,1,0,16,5,42.104
683,1,2,1,0,13,7,34.093
684,1,2,1,0,3,2,3.049
685,1,2,1,0,18,8,55.792
686,1,2,1,0,4,7,20.175
687,1,2,1,0,13,7,50.725
688,1,2,0,1,6,4,17.13
689,1,2,0,1,5,5,24.207
690,1,2,1,0,12,7,23.577
691,1,2,1,0,10,10,41.715
692,1,2,1,0,9,3,20.972
693,1,2,1,0,3,1,6.872
694,1,2,1,0,5,0,7.69
695,1,2,0,1,2,0,4.056
696,1,2,1,0,17,6,35.639
697,1,2,1,0,15,11,54.166
698,1,2,1,0,6,5,15.163
699,1,2,0,1,15,15,51.44
700,1,2,1,0,13,8,44.916
701,1,2,0,1,0,2,7.665
702,1,2,1,0,3,0,9.486
703,1,2,1,0,11,8,40.283
704,1,2,1,0,3,4,12.326
705,1,2,1,0,5,7,20.563
706,1,2,1,0,6,1,13.143
707,1,2,0,1,5,5,19.404
708,1,2,0,0,5,5,13.705
709,1,2,1,0,20,14,58.432
710,1,2,1,0,5,11,33.914
711,1,2,1,0,21,9,47.169
712,1,2,1,0,11,3,20.36
713,1,2,1,0,10,7,30.267
714,1,2,1,0,3,2,4.251
715,1,2,0,1,16,11,47.474
716,1,2,0,1,3,6,19.156
717,1,2,1,0,16,6,44.324
718,1,2,0,1,7,4,12.098
719,1,2,1,0,11,6,33.871
720,1,2,1,0,5,4,22.25
721,1,2,0,1,3,2,9.45
722,1,2,1,0,13,12,43.82
723,1,2,1,0,10,6,30.485
724,1,2,1,0,9,8,35.874
725,1,2,0,1,1,6,15.96
726,1,2,0,1,1,0,6.871
727,1,2,0,1,13,4,39.706
728,1,2,1,0,8,5,24.805
729,1,2,0,0,3,3,10.74
730,1,2,1,0,9,6,29.27
731,1,2,0,1,3,5,8.497
732,1,2,1,0,7,7,21.585
733,1,2,0,0,5,5,20.963
734,1,2,0,0,1,1,2.833
735,1,2,1,0,18,9,54.506
736,1,2,0,1,3,2,11.887
737,1,2,1,0,13,19,60.217
738,1,2,1,0,10,5,29.629
739,1,2,1,0,11,9,41.504
740,1,2,1,0,10,6,28.436
741,1,2,0,1,1,2,7.863
742,1,2,1,0,3,2,17.777
743,1,2,1,0,4,2,14.935
744,1,2,1,0,6,3,14.759
745,1,2,1,0,6,4,18.61
746,1,2,1,0,9,3,19.947
747,1,2,1,0,16,11,57.205
748,1,2,1,0,6,10,32.009
749,1,2,1,0,9,5,37.859
750,1,2,1,0,11,9,38.365
751,1,2,1,0,14,10,46.594
752,1,2,1,0,13,4,32.477
753,1,2,0,1,5,5,19.566
754,1,2,1,0,14,10,37.501
755,1,2,1,0,4,4,13.297
756,1,2,1,0,4,8,27.869
757,1,2,1,0,4,2,6.847
758,1,2,1,0,11,4,26.478
759,1,2,1,0,14,7,38.67
760,1,2,1,0,19,9,50.996
761,1,2,1,0,17,10,50.063
762,1,2,1,0,16,17,60.321
763,1,2,1,0,4,3,11.085
764,1,2,0,1,13,7,37.135
765,1,2,0,1,18,10,41.35
766,1,2,0,0,3,3,10.487
767,1,2,1,0,7,5,26.622
768,1,2,0,1,3,5,9.697
769,1,2,1,0,9,7,40.718
770,1,2,0,1,2,1,5.453
771,1,2,0,1,8,5,17.545
772,1,2,0,1,7,9,32.88
773,1,2,1,0,7,4,18.41
774,1,2,1,0,11,4,16.936
775,1,2,1,0,9,7,41.318
776,1,2,1,0,12,11,46.749
777,1,2,1,0,8,3,22.62
778,1,2,0,1,3,3,14.934
779,1,2,0,1,2,0,5.674
780,1,2,1,0,3,2,5.266
781,1,2,0,1,5,5,18.756
782,1,2,0,0,1,1,3.06
783,1,2,1,0,6,7,29.044
784,1,2,1,0,2,1,4.255
785,1,2,1,0,6,6,38.44
786,1,2,1,0,6,3,19.147
787,1,2,1,0,32,15,107.067
788,1,2,0,1,6,3,14.919
789,1,2,0,1,14,5,44.388
790,1,2,1,0,9,11,39.563
791,1,2,1,0,11,9,35.1
792,1,2,1,0,9,6,23.331
793,1,2,1,0,7,5,19.946
794,1,2,0,0,6,6,24.217
795,1,2,1,0,12,8,46.401
796,1,2,1,0,14,10,48.15
797,1,2,0,1,3,2,15.324
798,1,2,0,1,15,8,49.378
799,1,2,1,0,18,12,56.043
800,1,2,1,0,16,3,37.893
801,1,2,1,0,20,8,46.15
802,1,2,1,0,10,10,46.588
803,1,2,1,0,8,10,29.597
804,1,2,1,0,6,3,9.916
805,1,2,1,0,16,9,45.187
806,1,2,1,0,9,4,27.23
807,1,2,1,0,21,10,66.533
808,1,2,1,0,5,3,20.153
809,1,2,1,0,6,8,26.196
810,1,2,1,0,11,7,31.449
811,1,2,0,1,12,12,50.241
812,1,2,0,1,6,12,48.526
813,1,2,1,0,17,13,66.517
814,1,2,1,0,6,5,16.724
815,1,2,0,1,1,1,6.46
816,1,2,1,0,7,6,27.222
817,1,2,1,0,17,10,60.072
818,1,2,1,0,5,2,10.71
819,1,2,1,0,10,5,27.154
820,1,2,0,1,11,12,50.427
821,1,2,1,0,5,6,19.178
822,1,2,1,0,26,19,92.203
823,1,2,0,1,5,2,15.518
824,1,2,1,0,7,3,17.586
825,1,2,1,0,3,3,11.127
826,1,2,0,1,1,1,6.073
827,1,2,1,0,10,6,30.259
828,1,2,1,0,18,12,59.739
829,1,2,0,1,2,1,6.061
830,1,2,0,1,3,4,10.483
831,1,2,0,1,1,3,11.904
832,1,2,1,0,6,3,19.766
833,1,2,0,1,1,4,11.705
834,1,2,0,1,7,2,13.712
835,1,2,1,0,4,2,8.289
836,1,2,1,0,9,6,31.936
837,1,2,1,0,8,5,23.814
838,1,2,1,0,4,3,9.882
839,1,2,1,0,7,4,25.208
840,1,2,1,0,7,6,24.968
841,1,2,0,1,2,0,5.258
842,1,2,0,1,11,12,49.118
843,1,2,0,1,4,6,17.751
844,1,2,0,1,4,2,11.11
845,1,2,0,1,2,1,8.689
846,1,2,1,0,10,3,25.393
847,1,2,0,1,7,6,32.093
848,1,2,1,0,4,0,4.852
849,1,2,1,0,11,17,60.671
850,1,2,0,1,3,6,16.962
851,1,2,0,1,10,15,55.139
852,1,2,1,0,4,3,26.794
853,1,2,1,0,7,2,22.797
854,1,2,0,1,7,4,21.981
855,1,2,0,1,0,0,3.64
856,1,2,1,0,6,2,15.978
857,1,2,1,0,7,6,23.654
858,1,2,1,0,13,5,29.882
859,1,2,0,1,2,2,19.389
860,1,2,1,0,16,15,58.248
861,1,2,1,0,7,5,24.054
862,1,2,1,0,9,4,31.647
863,1,2,1,0,14,18,71.801
864,1,2,0,1,8,2,21.848
865,1,2,0,1,6,7,26.804
866,1,2,1,0,17,13,55.469
867,1,2,0,1,17,14,62.138
868,1,2,1,0,5,7,25.205
869,1,2,1,0,8,8,29.847
870,1,2,1,0,3,0,4.898
871,1,2,0,1,6,7,20.449
872,1,2,0,1,14,8,47.787
873,1,2,1,0,4,1,4.48
874,1,2,1,0,5,5,22.425
875,1,2,1,0,6,1,14.766
876,1,2,1,0,11,7,32.135
877,1,2,1,0,19,11,66.554
878,1,2,1,0,15,13,47.434
879,1,2,0,1,11,9,40.54
880,1,2,0,1,6,7,25.238
881,1,2,0,0,1,1,3.033
882,1,2,1,0,7,4,28.834
883,1,2,1,0,9,7,31.707
884,1,2,1,0,6,8,33.497
885,1,2,0,1,6,7,28.427
886,1,2,0,1,9,1,23.997
887,1,2,1,0,4,7,15.14
888,1,2,0,1,1,0,3.627
889,1,2,1,0,11,9,45.442
890,1,2,0,1,7,9,25.804
891,1,2,1,0,6,3,15.972
892,1,2,0,1,18,11,49.63
893,1,2,0,1,9,8,34.857
894,1,2,1,0,4,3,12.691
895,1,2,1,0,17,10,54.303
896,1,2,1,0,7,5,25.601
897,1,2,1,0,9,9,28.228
898,1,2,0,1,14,14,58.852
899,1,2,0,1,5,1,10.726
900,1,2,1,0,7,2,18.978
901,1,2,0,1,12,10,46.177
902,1,2,1,0,14,10,42.622
903,1,2,1,0,4,1,12.297
904,1,2,0,0,1,1,3.244
905,1,2,1,0,13,7,28.263
906,1,2,1,0,14,7,46.16
907,1,2,1,0,8,4,29.042
908,1,2,0,1,16,11,52.325
909,1,2,0,1,8,16,55.442
910,1,2,0,1,19,13,58.125
911,1,2,0,1,6,3,20.974
912,1,2,1,0,11,7,45.605
913,1,2,1,0,4,2,10.706
914,1,2,1,0,5,2,18.128
915,1,2,1,0,9,5,32.842
916,1,2,1,0,2,1,5.042
917,1,2,1,0,4,5,17.537
918,1,2,1,0,4,2,16.378
919,1,2,1,0,4,5,33.073
920,1,2,0,1,7,13,29.487
921,1,2,1,0,8,3,14.559
922,1,2,0,1,13,9,46.633
923,1,2,0,1,12,5,36.56
924,1,2,1,0,13,7,30.278
925,1,2,0,1,13,14,67.953
926,1,2,1,0,10,9,44.825
927,1,2,1,0,10,4,24.599
928,1,2,1,0,6,5,27.834
929,1,2,1,0,3,1,6.681
930,1,2,1,0,13,5,31.421
931,1,2,0,1,6,3,14.134
932,1,2,1,0,12,3,33.057
933,1,2,0,1,15,9,47.918
934,1,2,1,0,15,13,43.607
935,1,2,1,0,15,13,60.047
936,1,2,1,0,13,5,27.407
937,1,2,0,1,3,4,14.14
938,1,2,1,0,8,4,18.771
939,1,2,1,0,12,10,35.992
940,1,2,1,0,5,7,26.297
941,1,2,1,0,11,10,52.25
942,1,2,0,0,6,6,22.761
943,1,2,0,1,3,4,13.502
944,1,2,1,0,7,9,26.86
945,1,2,1,0,11,8,32.881
946,1,2,1,0,8,9,24.004
947,1,2,1,0,5,2,7.888
948,1,2,0,1,7,10,26.637
949,1,2,0,1,1,2,5.438
950,1,2,0,1,13,8,47.622
951,1,2,1,0,11,3,32.485
952,1,2,1,0,12,5,28.49
953,1,2,1,0,17,10,41.945
954,1,2,1,0,10,14,42.55
955,1,2,0,0,7,7,23.016
956,1,2,1,0,6,3,12.496
957,1,2,1,0,11,11,54.284
958,1,2,1,0,14,10,40.595
959,1,2,0,1,26,13,69.362
960,1,2,1,0,10,6,31.523
961,1,2,0,1,4,3,13.544
962,1,2,1,0,8,7,20.789
963,1,2,0,1,11,6,37.311
964,1,2,1,0,16,12,58.678
965,1,2,1,0,14,6,37.936
966,1,2,1,0,3,2,4.698
967,1,2,0,1,3,3,12.155
968,1,2,0,1,6,7,24.974
969,1,2,1,0,6,2,11.507
970,1,2,0,1,0,0,3.665
971,1,2,1,0,8,7,28.895
972,1,2,0,1,11,9,40.955
973,1,2,0,1,9,8,38.942
974,1,2,0,1,13,7,36.483
975,1,2,1,0,2,6,13.982
976,1,2,1,0,3,2,15.763
977,1,2,1,0,6,3,17.81
978,1,2,1,0,25,17,97.903
979,1,2,1,0,25,14,79.862
980,1,2,0,1,10,9,41.345
981,1,2,0,1,5,3,11.138
982,1,2,0,1,14,10,49.004
983,1,2,0,1,4,5,16.044
984,1,2,1,0,9,5,42.375
985,1,2,0,1,0,2,5.08
986,1,2,0,0,3,3,9.288
987,1,2,1,0,7,7,23.616
988,1,2,1,0,8,7,25.515
989,1,2,1,0,7,3,18.809
990,1,2,0,1,6,0,15.375
991,1,2,0,1,3,2,6.274
992,1,2,1,0,12,14,45.75
993,1,2,1,0,8,3,25.873
994,1,2,1,0,8,9,36.496
995,1,2,0,1,3,4,16.354
996,1,2,1,0,10,9,32.803
997,1,2,0,1,2,3,14.793
998,1,2,0,1,3,6,21.829
999,1,2,1,0,11,7,35.975
